================================================================================
DASHBOARD: PRODUCT HEALTH
================================================================================

Daily Metrics by Day of Week
--------------------------------------------------------------------------------
 day  daily_users  orders  items_per_order  reorder_rate
   0        27465   27465              0.9         0.610
   1        19672   19672              1.1         0.599
   2        16119   16119              1.3         0.588
   3        15687   15687              1.3         0.587
   4        15959   15959              1.3         0.595
   5        17406   17406              1.3         0.606
   6        18901   18901              1.2         0.594

Top 10 Most Reordered Products
--------------------------------------------------------------------------------
 product_id  times_ordered  reorder_rate
      39507             12           1.0
      37414             10           1.0
      32112             10           1.0
      15952             12           1.0
      25115             10           1.0
       5793             10           1.0
       8558             12           1.0
      20320             10           1.0
      34631             10           1.0
      40183             10           1.0
